1042
1136
1179
1528
1574
1630
1665
1687
1709
1766
1814
1855
1885
1937
264
421
448
633
682
750
963
FMT.0064
FMT.0185
FMT.0066
1105
1786
1361
FMT.0092
FMT.0063
1642
FMT.0010
1915
1759
1866
1713
1721
1173
FMT.0189
623
FMT.0172
1848
FMT.0125
1684
284
FMT.0060
1195
888
1908
1818
FMT.0100
1521
462
1063
671
1802
FMT.0208
1773
1271
1777
1546
173
449
1705
FMT.0241
FMT.0250
948
1262
223
626
1823
1217
FMT.0196
FMT.0165
910
1460
1201
FMT.0245
1493
1776
725
1711
1902
1252
1921
668
766
1261
570
1663
1302
2065
1789
1785
1656
1758
1498
1772
1366
1044
1710
